     216     750       0       0       1.000E+03
       4       7       8      40      40       7       8      43
      40      43       8      44       3       5       4      39
      39       5       4      41      39      41       4      40
       2       4       6      38      38       4       6      40
      38      40       6      42       6       8       9      42
      42       8       9      44      42      44       9      45
      13      18      16      49      49      18      16      54
      49      54      16      52      14      21      18      50
      50      21      18      57      50      57      18      54
      12      17      19      48      48      17      19      53
      48      53      19      55       7      11       8      43
      43      11       8      44      43      11      44      47
      15      19      20      51      51      19      20      55
      51      55      20      56       8      12       9      44
      44      12       9      45      44      12      45      48
      19      22      20      55      55      22      20      56
      55      22      56      58      26      27      29      62
      62      27      29      63      62      63      29      65
      21      23      18      57      57      23      18      54
      57      23      54      59      25      29      30      61
      61      29      30      65      61      65      30      66
      26      29      25      62      62      29      25      61
      62      29      61      65      29      32      33      65
      65      32      33      68      65      68      33      69
      27      32      29      63      63      32      29      65
      63      32      65      68      23      27      26      59
      59      27      26      62      59      27      62      63
      18      26      16      54      54      26      16      52
      54      26      52      62      24      30      28      60
      60      30      28      66      60      66      28      64
      25      30      24      61      61      30      24      60
      61      30      60      66      33      34      36      69
      69      34      36      70      69      70      36      72
      32      34      33      68      68      34      33      69
      68      34      69      70      30      33      31      66
      66      33      31      69      66      69      31      67
      29      33      30      65      65      33      30      66
      65      33      66      69      16      25      17      52
      52      25      17      53      52      25      53      61
      24      28      22      60      60      28      22      58
      60      28      58      64      30      31      28      66
      66      31      28      64      66      31      64      67
      33      35      31      69      69      35      31      67
      69      35      67      71      33      36      35      69
      69      36      35      71      69      36      71      72
      17      24      19      53      53      24      19      55
      53      24      55      60      12      19      15      48
      48      19      15      51      48      19      51      55
      18      23      26      54      54      23      26      59
      54      59      26      62      16      26      25      52
      52      26      25      62      52      62      25      61
      17      25      24      53      53      25      24      61
      53      61      24      60      13      16      11      49
      49      16      11      47      49      16      47      52
      19      24      22      55      55      24      22      60
      55      60      22      58      11      17      12      47
      47      17      12      48      47      17      48      53
       8      11      12      44      44      11      12      47
      44      47      12      48       5       7       4      41
      41       7       4      40      41       7      40      43
       7      13      11      43      43      13      11      49
      43      49      11      47       5      10       7      41
      41      10       7      46      41      46       7      43
       9      12      15      45      45      12      15      48
      45      48      15      51       4       8       6      40
      40       8       6      42      40       8      42      44
      11      16      17      47      47      16      17      52
      47      52      17      53      10      13       7      46
      46      13       7      43      46      13      43      49
      14      18      13      50      50      18      13      49
      50      18      49      54      10      14      13      46
      46      14      13      50      46      50      13      49
       1       4       2      37      37       4       2      38
      37       4      38      40       1       3       4      37
      37       3       4      39      37      39       4      40
      40      43      44      76      76      43      44      79
      76      79      44      80      39      41      40      75
      75      41      40      77      75      77      40      76
      38      40      42      74      74      40      42      76
      74      76      42      78      42      44      45      78
      78      44      45      80      78      80      45      81
      49      54      52      85      85      54      52      90
      85      90      52      88      50      57      54      86
      86      57      54      93      86      93      54      90
      48      53      55      84      84      53      55      89
      84      89      55      91      43      47      44      79
      79      47      44      80      79      47      80      83
      51      55      56      87      87      55      56      91
      87      91      56      92      44      48      45      80
      80      48      45      81      80      48      81      84
      55      58      56      91      91      58      56      92
      91      58      92      94      62      63      65      98
      98      63      65      99      98      99      65     101
      57      59      54      93      93      59      54      90
      93      59      90      95      61      65      66      97
      97      65      66     101      97     101      66     102
      62      65      61      98      98      65      61      97
      98      65      97     101      65      68      69     101
     101      68      69     104     101     104      69     105
      63      68      65      99      99      68      65     101
      99      68     101     104      59      63      62      95
      95      63      62      98      95      63      98      99
      54      62      52      90      90      62      52      88
      90      62      88      98      60      66      64      96
      96      66      64     102      96     102      64     100
      61      66      60      97      97      66      60      96
      97      66      96     102      69      70      72     105
     105      70      72     106     105     106      72     108
      68      70      69     104     104      70      69     105
     104      70     105     106      66      69      67     102
     102      69      67     105     102     105      67     103
      65      69      66     101     101      69      66     102
     101      69     102     105      52      61      53      88
      88      61      53      89      88      61      89      97
      60      64      58      96      96      64      58      94
      96      64      94     100      66      67      64     102
     102      67      64     100     102      67     100     103
      69      71      67     105     105      71      67     103
     105      71     103     107      69      72      71     105
     105      72      71     107     105      72     107     108
      53      60      55      89      89      60      55      91
      89      60      91      96      48      55      51      84
      84      55      51      87      84      55      87      91
      54      59      62      90      90      59      62      95
      90      95      62      98      52      62      61      88
      88      62      61      98      88      98      61      97
      53      61      60      89      89      61      60      97
      89      97      60      96      49      52      47      85
      85      52      47      83      85      52      83      88
      55      60      58      91      91      60      58      96
      91      96      58      94      47      53      48      83
      83      53      48      84      83      53      84      89
      44      47      48      80      80      47      48      83
      80      83      48      84      41      43      40      77
      77      43      40      76      77      43      76      79
      43      49      47      79      79      49      47      85
      79      85      47      83      41      46      43      77
      77      46      43      82      77      82      43      79
      45      48      51      81      81      48      51      84
      81      84      51      87      40      44      42      76
      76      44      42      78      76      44      78      80
      47      52      53      83      83      52      53      88
      83      88      53      89      46      49      43      82
      82      49      43      79      82      49      79      85
      50      54      49      86      86      54      49      85
      86      54      85      90      46      50      49      82
      82      50      49      86      82      86      49      85
      37      40      38      73      73      40      38      74
      73      40      74      76      37      39      40      73
      73      39      40      75      73      75      40      76
      76      79      80     112     112      79      80     115
     112     115      80     116      75      77      76     111
     111      77      76     113     111     113      76     112
      74      76      78     110     110      76      78     112
     110     112      78     114      78      80      81     114
     114      80      81     116     114     116      81     117
      85      90      88     121     121      90      88     126
     121     126      88     124      86      93      90     122
     122      93      90     129     122     129      90     126
      84      89      91     120     120      89      91     125
     120     125      91     127      79      83      80     115
     115      83      80     116     115      83     116     119
      87      91      92     123     123      91      92     127
     123     127      92     128      80      84      81     116
     116      84      81     117     116      84     117     120
      91      94      92     127     127      94      92     128
     127      94     128     130      98      99     101     134
     134      99     101     135     134     135     101     137
      93      95      90     129     129      95      90     126
     129      95     126     131      97     101     102     133
     133     101     102     137     133     137     102     138
      98     101      97     134     134     101      97     133
     134     101     133     137     101     104     105     137
     137     104     105     140     137     140     105     141
      99     104     101     135     135     104     101     137
     135     104     137     140      95      99      98     131
     131      99      98     134     131      99     134     135
      90      98      88     126     126      98      88     124
     126      98     124     134      96     102     100     132
     132     102     100     138     132     138     100     136
      97     102      96     133     133     102      96     132
     133     102     132     138     105     106     108     141
     141     106     108     142     141     142     108     144
     104     106     105     140     140     106     105     141
     140     106     141     142     102     105     103     138
     138     105     103     141     138     141     103     139
     101     105     102     137     137     105     102     138
     137     105     138     141      88      97      89     124
     124      97      89     125     124      97     125     133
      96     100      94     132     132     100      94     130
     132     100     130     136     102     103     100     138
     138     103     100     136     138     103     136     139
     105     107     103     141     141     107     103     139
     141     107     139     143     105     108     107     141
     141     108     107     143     141     108     143     144
      89      96      91     125     125      96      91     127
     125      96     127     132      84      91      87     120
     120      91      87     123     120      91     123     127
      90      95      98     126     126      95      98     131
     126     131      98     134      88      98      97     124
     124      98      97     134     124     134      97     133
      89      97      96     125     125      97      96     133
     125     133      96     132      85      88      83     121
     121      88      83     119     121      88     119     124
      91      96      94     127     127      96      94     132
     127     132      94     130      83      89      84     119
     119      89      84     120     119      89     120     125
      80      83      84     116     116      83      84     119
     116     119      84     120      77      79      76     113
     113      79      76     112     113      79     112     115
      79      85      83     115     115      85      83     121
     115     121      83     119      77      82      79     113
     113      82      79     118     113     118      79     115
      81      84      87     117     117      84      87     120
     117     120      87     123      76      80      78     112
     112      80      78     114     112      80     114     116
      83      88      89     119     119      88      89     124
     119     124      89     125      82      85      79     118
     118      85      79     115     118      85     115     121
      86      90      85     122     122      90      85     121
     122      90     121     126      82      86      85     118
     118      86      85     122     118     122      85     121
      73      76      74     109     109      76      74     110
     109      76     110     112      73      75      76     109
     109      75      76     111     109     111      76     112
     112     115     116     148     148     115     116     151
     148     151     116     152     111     113     112     147
     147     113     112     149     147     149     112     148
     110     112     114     146     146     112     114     148
     146     148     114     150     114     116     117     150
     150     116     117     152     150     152     117     153
     121     126     124     157     157     126     124     162
     157     162     124     160     122     129     126     158
     158     129     126     165     158     165     126     162
     120     125     127     156     156     125     127     161
     156     161     127     163     115     119     116     151
     151     119     116     152     151     119     152     155
     123     127     128     159     159     127     128     163
     159     163     128     164     116     120     117     152
     152     120     117     153     152     120     153     156
     127     130     128     163     163     130     128     164
     163     130     164     166     134     135     137     170
     170     135     137     171     170     171     137     173
     129     131     126     165     165     131     126     162
     165     131     162     167     133     137     138     169
     169     137     138     173     169     173     138     174
     134     137     133     170     170     137     133     169
     170     137     169     173     137     140     141     173
     173     140     141     176     173     176     141     177
     135     140     137     171     171     140     137     173
     171     140     173     176     131     135     134     167
     167     135     134     170     167     135     170     171
     126     134     124     162     162     134     124     160
     162     134     160     170     132     138     136     168
     168     138     136     174     168     174     136     172
     133     138     132     169     169     138     132     168
     169     138     168     174     141     142     144     177
     177     142     144     178     177     178     144     180
     140     142     141     176     176     142     141     177
     176     142     177     178     138     141     139     174
     174     141     139     177     174     177     139     175
     137     141     138     173     173     141     138     174
     173     141     174     177     124     133     125     160
     160     133     125     161     160     133     161     169
     132     136     130     168     168     136     130     166
     168     136     166     172     138     139     136     174
     174     139     136     172     174     139     172     175
     141     143     139     177     177     143     139     175
     177     143     175     179     141     144     143     177
     177     144     143     179     177     144     179     180
     125     132     127     161     161     132     127     163
     161     132     163     168     120     127     123     156
     156     127     123     159     156     127     159     163
     126     131     134     162     162     131     134     167
     162     167     134     170     124     134     133     160
     160     134     133     170     160     170     133     169
     125     133     132     161     161     133     132     169
     161     169     132     168     121     124     119     157
     157     124     119     155     157     124     155     160
     127     132     130     163     163     132     130     168
     163     168     130     166     119     125     120     155
     155     125     120     156     155     125     156     161
     116     119     120     152     152     119     120     155
     152     155     120     156     113     115     112     149
     149     115     112     148     149     115     148     151
     115     121     119     151     151     121     119     157
     151     157     119     155     113     118     115     149
     149     118     115     154     149     154     115     151
     117     120     123     153     153     120     123     156
     153     156     123     159     112     116     114     148
     148     116     114     150     148     116     150     152
     119     124     125     155     155     124     125     160
     155     160     125     161     118     121     115     154
     154     121     115     151     154     121     151     157
     122     126     121     158     158     126     121     157
     158     126     157     162     118     122     121     154
     154     122     121     158     154     158     121     157
     109     112     110     145     145     112     110     146
     145     112     146     148     109     111     112     145
     145     111     112     147     145     147     112     148
     148     151     152     184     184     151     152     187
     184     187     152     188     147     149     148     183
     183     149     148     185     183     185     148     184
     146     148     150     182     182     148     150     184
     182     184     150     186     150     152     153     186
     186     152     153     188     186     188     153     189
     157     162     160     193     193     162     160     198
     193     198     160     196     158     165     162     194
     194     165     162     201     194     201     162     198
     156     161     163     192     192     161     163     197
     192     197     163     199     151     155     152     187
     187     155     152     188     187     155     188     191
     159     163     164     195     195     163     164     199
     195     199     164     200     152     156     153     188
     188     156     153     189     188     156     189     192
     163     166     164     199     199     166     164     200
     199     166     200     202     170     171     173     206
     206     171     173     207     206     207     173     209
     165     167     162     201     201     167     162     198
     201     167     198     203     169     173     174     205
     205     173     174     209     205     209     174     210
     170     173     169     206     206     173     169     205
     206     173     205     209     173     176     177     209
     209     176     177     212     209     212     177     213
     171     176     173     207     207     176     173     209
     207     176     209     212     167     171     170     203
     203     171     170     206     203     171     206     207
     162     170     160     198     198     170     160     196
     198     170     196     206     168     174     172     204
     204     174     172     210     204     210     172     208
     169     174     168     205     205     174     168     204
     205     174     204     210     177     178     180     213
     213     178     180     214     213     214     180     216
     176     178     177     212     212     178     177     213
     212     178     213     214     174     177     175     210
     210     177     175     213     210     213     175     211
     173     177     174     209     209     177     174     210
     209     177     210     213     160     169     161     196
     196     169     161     197     196     169     197     205
     168     172     166     204     204     172     166     202
     204     172     202     208     174     175     172     210
     210     175     172     208     210     175     208     211
     177     179     175     213     213     179     175     211
     213     179     211     215     177     180     179     213
     213     180     179     215     213     180     215     216
     161     168     163     197     197     168     163     199
     197     168     199     204     156     163     159     192
     192     163     159     195     192     163     195     199
     162     167     170     198     198     167     170     203
     198     203     170     206     160     170     169     196
     196     170     169     206     196     206     169     205
     161     169     168     197     197     169     168     205
     197     205     168     204     157     160     155     193
     193     160     155     191     193     160     191     196
     163     168     166     199     199     168     166     204
     199     204     166     202     155     161     156     191
     191     161     156     192     191     161     192     197
     152     155     156     188     188     155     156     191
     188     191     156     192     149     151     148     185
     185     151     148     184     185     151     184     187
     151     157     155     187     187     157     155     193
     187     193     155     191     149     154     151     185
     185     154     151     190     185     190     151     187
     153     156     159     189     189     156     159     192
     189     192     159     195     148     152     150     184
     184     152     150     186     184     152     186     188
     155     160     161     191     191     160     161     196
     191     196     161     197     154     157     151     190
     190     157     151     187     190     157     187     193
     158     162     157     194     194     162     157     193
     194     162     193     198     154     158     157     190
     190     158     157     194     190     194     157     193
     145     148     146     181     181     148     146     182
     181     148     182     184     145     147     148     181
     181     147     148     183     181     183     148     184
      0.000000000000E+00      0.000000000000E+00      0.000000000000E+00
      0.000000000000E+00      1.000000000000E+01      0.000000000000E+00
      1.000000000000E+01      0.000000000000E+00      0.000000000000E+00
      1.000000000000E+01      1.000000000000E+01      0.000000000000E+00
      2.000000000000E+01      0.000000000000E+00      0.000000000000E+00
      0.000000000000E+00      2.000000000000E+01      0.000000000000E+00
      2.000000000000E+01      1.000000000000E+01      0.000000000000E+00
      1.000000000000E+01      2.000000000000E+01      0.000000000000E+00
      0.000000000000E+00      3.000000000000E+01      0.000000000000E+00
      3.000000000000E+01      0.000000000000E+00      0.000000000000E+00
      2.000000000000E+01      2.000000000000E+01      0.000000000000E+00
      1.000000000000E+01      3.000000000000E+01      0.000000000000E+00
      3.000000000000E+01      1.000000000000E+01      0.000000000000E+00
      4.000000000000E+01      0.000000000000E+00      0.000000000000E+00
      0.000000000000E+00      4.000000000000E+01      0.000000000000E+00
      3.000000000000E+01      2.000000000000E+01      0.000000000000E+00
      2.000000000000E+01      3.000000000000E+01      0.000000000000E+00
      4.000000000000E+01      1.000000000000E+01      0.000000000000E+00
      1.000000000000E+01      4.000000000000E+01      0.000000000000E+00
      0.000000000000E+00      5.000000000000E+01      0.000000000000E+00
      5.000000000000E+01      0.000000000000E+00      0.000000000000E+00
      1.000000000000E+01      5.000000000000E+01      0.000000000000E+00
      5.000000000000E+01      1.000000000000E+01      0.000000000000E+00
      2.000000000000E+01      4.000000000000E+01      0.000000000000E+00
      3.000000000000E+01      3.000000000000E+01      0.000000000000E+00
      4.000000000000E+01      2.000000000000E+01      0.000000000000E+00
      5.000000000000E+01      2.000000000000E+01      0.000000000000E+00
      2.000000000000E+01      5.000000000000E+01      0.000000000000E+00
      4.000000000000E+01      3.000000000000E+01      0.000000000000E+00
      3.000000000000E+01      4.000000000000E+01      0.000000000000E+00
      3.000000000000E+01      5.000000000000E+01      0.000000000000E+00
      5.000000000000E+01      3.000000000000E+01      0.000000000000E+00
      4.000000000000E+01      4.000000000000E+01      0.000000000000E+00
      5.000000000000E+01      4.000000000000E+01      0.000000000000E+00
      4.000000000000E+01      5.000000000000E+01      0.000000000000E+00
      5.000000000000E+01      5.000000000000E+01      0.000000000000E+00
      0.000000000000E+00      0.000000000000E+00      1.000000000000E+01
      0.000000000000E+00      1.000000000000E+01      1.000000000000E+01
      1.000000000000E+01      0.000000000000E+00      1.000000000000E+01
      1.000000000000E+01      1.000000000000E+01      1.000000000000E+01
      2.000000000000E+01      0.000000000000E+00      1.000000000000E+01
      0.000000000000E+00      2.000000000000E+01      1.000000000000E+01
      2.000000000000E+01      1.000000000000E+01      1.000000000000E+01
      1.000000000000E+01      2.000000000000E+01      1.000000000000E+01
      0.000000000000E+00      3.000000000000E+01      1.000000000000E+01
      3.000000000000E+01      0.000000000000E+00      1.000000000000E+01
      2.000000000000E+01      2.000000000000E+01      1.000000000000E+01
      1.000000000000E+01      3.000000000000E+01      1.000000000000E+01
      3.000000000000E+01      1.000000000000E+01      1.000000000000E+01
      4.000000000000E+01      0.000000000000E+00      1.000000000000E+01
      0.000000000000E+00      4.000000000000E+01      1.000000000000E+01
      3.000000000000E+01      2.000000000000E+01      1.000000000000E+01
      2.000000000000E+01      3.000000000000E+01      1.000000000000E+01
      4.000000000000E+01      1.000000000000E+01      1.000000000000E+01
      1.000000000000E+01      4.000000000000E+01      1.000000000000E+01
      0.000000000000E+00      5.000000000000E+01      1.000000000000E+01
      5.000000000000E+01      0.000000000000E+00      1.000000000000E+01
      1.000000000000E+01      5.000000000000E+01      1.000000000000E+01
      5.000000000000E+01      1.000000000000E+01      1.000000000000E+01
      2.000000000000E+01      4.000000000000E+01      1.000000000000E+01
      3.000000000000E+01      3.000000000000E+01      1.000000000000E+01
      4.000000000000E+01      2.000000000000E+01      1.000000000000E+01
      5.000000000000E+01      2.000000000000E+01      1.000000000000E+01
      2.000000000000E+01      5.000000000000E+01      1.000000000000E+01
      4.000000000000E+01      3.000000000000E+01      1.000000000000E+01
      3.000000000000E+01      4.000000000000E+01      1.000000000000E+01
      3.000000000000E+01      5.000000000000E+01      1.000000000000E+01
      5.000000000000E+01      3.000000000000E+01      1.000000000000E+01
      4.000000000000E+01      4.000000000000E+01      1.000000000000E+01
      5.000000000000E+01      4.000000000000E+01      1.000000000000E+01
      4.000000000000E+01      5.000000000000E+01      1.000000000000E+01
      5.000000000000E+01      5.000000000000E+01      1.000000000000E+01
      0.000000000000E+00      0.000000000000E+00      2.000000000000E+01
      0.000000000000E+00      1.000000000000E+01      2.000000000000E+01
      1.000000000000E+01      0.000000000000E+00      2.000000000000E+01
      1.000000000000E+01      1.000000000000E+01      2.000000000000E+01
      2.000000000000E+01      0.000000000000E+00      2.000000000000E+01
      0.000000000000E+00      2.000000000000E+01      2.000000000000E+01
      2.000000000000E+01      1.000000000000E+01      2.000000000000E+01
      1.000000000000E+01      2.000000000000E+01      2.000000000000E+01
      0.000000000000E+00      3.000000000000E+01      2.000000000000E+01
      3.000000000000E+01      0.000000000000E+00      2.000000000000E+01
      2.000000000000E+01      2.000000000000E+01      2.000000000000E+01
      1.000000000000E+01      3.000000000000E+01      2.000000000000E+01
      3.000000000000E+01      1.000000000000E+01      2.000000000000E+01
      4.000000000000E+01      0.000000000000E+00      2.000000000000E+01
      0.000000000000E+00      4.000000000000E+01      2.000000000000E+01
      3.000000000000E+01      2.000000000000E+01      2.000000000000E+01
      2.000000000000E+01      3.000000000000E+01      2.000000000000E+01
      4.000000000000E+01      1.000000000000E+01      2.000000000000E+01
      1.000000000000E+01      4.000000000000E+01      2.000000000000E+01
      0.000000000000E+00      5.000000000000E+01      2.000000000000E+01
      5.000000000000E+01      0.000000000000E+00      2.000000000000E+01
      1.000000000000E+01      5.000000000000E+01      2.000000000000E+01
      5.000000000000E+01      1.000000000000E+01      2.000000000000E+01
      2.000000000000E+01      4.000000000000E+01      2.000000000000E+01
      3.000000000000E+01      3.000000000000E+01      2.000000000000E+01
      4.000000000000E+01      2.000000000000E+01      2.000000000000E+01
      5.000000000000E+01      2.000000000000E+01      2.000000000000E+01
      2.000000000000E+01      5.000000000000E+01      2.000000000000E+01
      4.000000000000E+01      3.000000000000E+01      2.000000000000E+01
      3.000000000000E+01      4.000000000000E+01      2.000000000000E+01
      3.000000000000E+01      5.000000000000E+01      2.000000000000E+01
      5.000000000000E+01      3.000000000000E+01      2.000000000000E+01
      4.000000000000E+01      4.000000000000E+01      2.000000000000E+01
      5.000000000000E+01      4.000000000000E+01      2.000000000000E+01
      4.000000000000E+01      5.000000000000E+01      2.000000000000E+01
      5.000000000000E+01      5.000000000000E+01      2.000000000000E+01
      0.000000000000E+00      0.000000000000E+00      3.000000000000E+01
      0.000000000000E+00      1.000000000000E+01      3.000000000000E+01
      1.000000000000E+01      0.000000000000E+00      3.000000000000E+01
      1.000000000000E+01      1.000000000000E+01      3.000000000000E+01
      2.000000000000E+01      0.000000000000E+00      3.000000000000E+01
      0.000000000000E+00      2.000000000000E+01      3.000000000000E+01
      2.000000000000E+01      1.000000000000E+01      3.000000000000E+01
      1.000000000000E+01      2.000000000000E+01      3.000000000000E+01
      0.000000000000E+00      3.000000000000E+01      3.000000000000E+01
      3.000000000000E+01      0.000000000000E+00      3.000000000000E+01
      2.000000000000E+01      2.000000000000E+01      3.000000000000E+01
      1.000000000000E+01      3.000000000000E+01      3.000000000000E+01
      3.000000000000E+01      1.000000000000E+01      3.000000000000E+01
      4.000000000000E+01      0.000000000000E+00      3.000000000000E+01
      0.000000000000E+00      4.000000000000E+01      3.000000000000E+01
      3.000000000000E+01      2.000000000000E+01      3.000000000000E+01
      2.000000000000E+01      3.000000000000E+01      3.000000000000E+01
      4.000000000000E+01      1.000000000000E+01      3.000000000000E+01
      1.000000000000E+01      4.000000000000E+01      3.000000000000E+01
      0.000000000000E+00      5.000000000000E+01      3.000000000000E+01
      5.000000000000E+01      0.000000000000E+00      3.000000000000E+01
      1.000000000000E+01      5.000000000000E+01      3.000000000000E+01
      5.000000000000E+01      1.000000000000E+01      3.000000000000E+01
      2.000000000000E+01      4.000000000000E+01      3.000000000000E+01
      3.000000000000E+01      3.000000000000E+01      3.000000000000E+01
      4.000000000000E+01      2.000000000000E+01      3.000000000000E+01
      5.000000000000E+01      2.000000000000E+01      3.000000000000E+01
      2.000000000000E+01      5.000000000000E+01      3.000000000000E+01
      4.000000000000E+01      3.000000000000E+01      3.000000000000E+01
      3.000000000000E+01      4.000000000000E+01      3.000000000000E+01
      3.000000000000E+01      5.000000000000E+01      3.000000000000E+01
      5.000000000000E+01      3.000000000000E+01      3.000000000000E+01
      4.000000000000E+01      4.000000000000E+01      3.000000000000E+01
      5.000000000000E+01      4.000000000000E+01      3.000000000000E+01
      4.000000000000E+01      5.000000000000E+01      3.000000000000E+01
      5.000000000000E+01      5.000000000000E+01      3.000000000000E+01
      0.000000000000E+00      0.000000000000E+00      4.000000000000E+01
      0.000000000000E+00      1.000000000000E+01      4.000000000000E+01
      1.000000000000E+01      0.000000000000E+00      4.000000000000E+01
      1.000000000000E+01      1.000000000000E+01      4.000000000000E+01
      2.000000000000E+01      0.000000000000E+00      4.000000000000E+01
      0.000000000000E+00      2.000000000000E+01      4.000000000000E+01
      2.000000000000E+01      1.000000000000E+01      4.000000000000E+01
      1.000000000000E+01      2.000000000000E+01      4.000000000000E+01
      0.000000000000E+00      3.000000000000E+01      4.000000000000E+01
      3.000000000000E+01      0.000000000000E+00      4.000000000000E+01
      2.000000000000E+01      2.000000000000E+01      4.000000000000E+01
      1.000000000000E+01      3.000000000000E+01      4.000000000000E+01
      3.000000000000E+01      1.000000000000E+01      4.000000000000E+01
      4.000000000000E+01      0.000000000000E+00      4.000000000000E+01
      0.000000000000E+00      4.000000000000E+01      4.000000000000E+01
      3.000000000000E+01      2.000000000000E+01      4.000000000000E+01
      2.000000000000E+01      3.000000000000E+01      4.000000000000E+01
      4.000000000000E+01      1.000000000000E+01      4.000000000000E+01
      1.000000000000E+01      4.000000000000E+01      4.000000000000E+01
      0.000000000000E+00      5.000000000000E+01      4.000000000000E+01
      5.000000000000E+01      0.000000000000E+00      4.000000000000E+01
      1.000000000000E+01      5.000000000000E+01      4.000000000000E+01
      5.000000000000E+01      1.000000000000E+01      4.000000000000E+01
      2.000000000000E+01      4.000000000000E+01      4.000000000000E+01
      3.000000000000E+01      3.000000000000E+01      4.000000000000E+01
      4.000000000000E+01      2.000000000000E+01      4.000000000000E+01
      5.000000000000E+01      2.000000000000E+01      4.000000000000E+01
      2.000000000000E+01      5.000000000000E+01      4.000000000000E+01
      4.000000000000E+01      3.000000000000E+01      4.000000000000E+01
      3.000000000000E+01      4.000000000000E+01      4.000000000000E+01
      3.000000000000E+01      5.000000000000E+01      4.000000000000E+01
      5.000000000000E+01      3.000000000000E+01      4.000000000000E+01
      4.000000000000E+01      4.000000000000E+01      4.000000000000E+01
      5.000000000000E+01      4.000000000000E+01      4.000000000000E+01
      4.000000000000E+01      5.000000000000E+01      4.000000000000E+01
      5.000000000000E+01      5.000000000000E+01      4.000000000000E+01
      0.000000000000E+00      0.000000000000E+00      5.000000000000E+01
      0.000000000000E+00      1.000000000000E+01      5.000000000000E+01
      1.000000000000E+01      0.000000000000E+00      5.000000000000E+01
      1.000000000000E+01      1.000000000000E+01      5.000000000000E+01
      2.000000000000E+01      0.000000000000E+00      5.000000000000E+01
      0.000000000000E+00      2.000000000000E+01      5.000000000000E+01
      2.000000000000E+01      1.000000000000E+01      5.000000000000E+01
      1.000000000000E+01      2.000000000000E+01      5.000000000000E+01
      0.000000000000E+00      3.000000000000E+01      5.000000000000E+01
      3.000000000000E+01      0.000000000000E+00      5.000000000000E+01
      2.000000000000E+01      2.000000000000E+01      5.000000000000E+01
      1.000000000000E+01      3.000000000000E+01      5.000000000000E+01
      3.000000000000E+01      1.000000000000E+01      5.000000000000E+01
      4.000000000000E+01      0.000000000000E+00      5.000000000000E+01
      0.000000000000E+00      4.000000000000E+01      5.000000000000E+01
      3.000000000000E+01      2.000000000000E+01      5.000000000000E+01
      2.000000000000E+01      3.000000000000E+01      5.000000000000E+01
      4.000000000000E+01      1.000000000000E+01      5.000000000000E+01
      1.000000000000E+01      4.000000000000E+01      5.000000000000E+01
      0.000000000000E+00      5.000000000000E+01      5.000000000000E+01
      5.000000000000E+01      0.000000000000E+00      5.000000000000E+01
      1.000000000000E+01      5.000000000000E+01      5.000000000000E+01
      5.000000000000E+01      1.000000000000E+01      5.000000000000E+01
      2.000000000000E+01      4.000000000000E+01      5.000000000000E+01
      3.000000000000E+01      3.000000000000E+01      5.000000000000E+01
      4.000000000000E+01      2.000000000000E+01      5.000000000000E+01
      5.000000000000E+01      2.000000000000E+01      5.000000000000E+01
      2.000000000000E+01      5.000000000000E+01      5.000000000000E+01
      4.000000000000E+01      3.000000000000E+01      5.000000000000E+01
      3.000000000000E+01      4.000000000000E+01      5.000000000000E+01
      3.000000000000E+01      5.000000000000E+01      5.000000000000E+01
      5.000000000000E+01      3.000000000000E+01      5.000000000000E+01
      4.000000000000E+01      4.000000000000E+01      5.000000000000E+01
      5.000000000000E+01      4.000000000000E+01      5.000000000000E+01
      4.000000000000E+01      5.000000000000E+01      5.000000000000E+01
      5.000000000000E+01      5.000000000000E+01      5.000000000000E+01
