       2      10     216     750     312      33      15
       1       1       6      12      12       6
       2       9     744     300      21       9
     145     150       1
       1     144       2
     151     294       2
     295     300       2
     301     444       2
     445     450       2
     451     594       2
     595     600       2
     601     744       2
     745     750       2
       1       3      37 1 0 1
      37       3      39 0 1 1
       1       4       3 0 1 1
       1       2       4 1 1 0
       1      37       2 1 0 1
      37      38       2 1 1 0
       4       2      38 1 1 0
       4      38      40 0 1 1
       3       4      39 1 0 1
      39       4      40 0 1 1
      37      39      40 1 1 0
      37      40      38 0 1 1
       2      38       6 1 0 1
       6      42       9 0 0 1
      38      42       6 0 0 0
       9      45      15 0 0 1
      42      45       9 0 0 0
      45      51      15 0 0 0
      15      51      20 0 0 1
      51      56      20 0 1 0
      37      73      38 1 0 1
      73      74      38 0 0 0
      38      74      42 0 0 0
      42      78      45 0 0 0
      74      78      42 0 0 0
      45      81      51 0 0 0
      78      81      45 0 0 0
      81      87      51 0 0 0
      51      87      56 0 0 0
      87      92      56 0 1 0
      73     109      74 1 0 0
     109     110      74 0 0 0
      74     110      78 0 0 0
      78     114      81 0 0 0
     110     114      78 0 0 0
      81     117      87 0 0 0
     114     117      81 0 0 0
     117     123      87 0 0 0
      87     123      92 0 0 0
     123     128      92 0 1 0
     109     145     110 1 0 0
     145     146     110 0 0 0
     110     146     114 0 0 0
     114     150     117 0 0 0
     146     150     114 0 0 0
     117     153     123 0 0 0
     150     153     117 0 0 0
     153     159     123 0 0 0
     123     159     128 0 0 0
     159     164     128 0 1 0
     145     181     146 1 0 0
     181     182     146 1 0 0
     146     182     150 0 0 0
     150     186     153 0 0 0
     182     186     150 1 0 0
     153     189     159 0 0 0
     186     189     153 1 0 0
     189     195     159 1 0 0
     159     195     164 0 0 0
     195     200     164 1 1 0
       2       4      38 1 0 1
      38       4      40 0 1 1
       2       6       4 1 0 1
       3       4       5 1 0 1
       4       6       8 0 0 0
       5       4       7 0 0 0
       4       8       7 0 0 0
       5       7      10 0 0 1
       6       9       8 1 0 0
      10       7      13 0 0 0
       7      11      13 0 0 0
       7       8      11 0 0 0
       8      12      11 0 0 0
       8       9      12 0 0 0
       9      15      12 1 0 0
      10      13      14 0 0 1
      11      17      16 0 0 0
      11      12      17 0 0 0
      13      11      16 0 0 0
      12      15      19 0 0 0
      12      19      17 0 0 0
      14      13      18 0 0 0
      13      16      18 0 0 0
      14      18      21 0 0 1
      15      20      19 1 0 0
      16      25      26 0 0 0
      16      17      25 0 0 0
      18      16      26 0 0 0
      17      24      25 0 0 0
      17      19      24 0 0 0
      18      26      23 0 0 0
      21      18      23 0 0 1
      19      22      24 0 0 0
      19      20      22 0 1 0
      24      22      28 0 1 0
      23      26      27 0 0 1
      25      24      30 0 0 0
      24      28      30 0 0 0
      26      25      29 0 0 0
      25      30      29 0 0 0
      26      29      27 0 0 0
      27      29      32 0 0 1
      30      28      31 0 1 0
      29      30      33 0 0 0
      29      33      32 0 0 0
      30      31      33 0 0 0
      33      31      35 0 1 0
      32      33      34 0 0 1
      33      35      36 0 1 0
      33      36      34 0 1 0
       3      39       4 1 0 1
      39      40       4 1 1 0
       3       5      39 1 0 1
       5      10      41 1 0 0
      39       5      41 0 0 0
      10      14      46 1 0 0
      41      10      46 0 0 0
      46      14      50 0 0 0
      14      21      50 1 0 0
      50      21      57 0 1 0
      37      39      73 1 0 1
      73      39      75 0 0 0
      39      41      75 0 0 0
      41      46      77 0 0 0
      75      41      77 0 0 0
      46      50      82 0 0 0
      77      46      82 0 0 0
      82      50      86 0 0 0
      50      57      86 0 0 0
      86      57      93 0 1 0
      73      75     109 0 0 1
     109      75     111 0 0 0
      75      77     111 0 0 0
      77      82     113 0 0 0
     111      77     113 0 0 0
      82      86     118 0 0 0
     113      82     118 0 0 0
     118      86     122 0 0 0
      86      93     122 0 0 0
     122      93     129 0 1 0
     109     111     145 0 0 1
     145     111     147 0 0 0
     111     113     147 0 0 0
     113     118     149 0 0 0
     147     113     149 0 0 0
     118     122     154 0 0 0
     149     118     154 0 0 0
     154     122     158 0 0 0
     122     129     158 0 0 0
     158     129     165 0 1 0
     145     147     181 0 0 1
     181     147     183 0 0 1
     147     149     183 0 0 0
     149     154     185 0 0 0
     183     149     185 0 0 1
     154     158     190 0 0 0
     185     154     190 0 0 1
     190     158     194 0 0 1
     158     165     194 0 0 0
     194     165     201 0 1 1
      22      20      56 1 1 0
      28      22      58 1 0 0
      22      56      58 0 0 0
      31      28      64 1 0 0
      28      58      64 0 0 0
      35      31      67 1 0 0
      31      64      67 0 0 0
      36      35      71 1 0 0
      35      67      71 0 0 0
      36      71      72 0 0 1
      58      56      92 0 1 0
      64      58      94 0 0 0
      58      92      94 0 0 0
      67      64     100 0 0 0
      64      94     100 0 0 0
      71      67     103 0 0 0
      67     100     103 0 0 0
      72      71     107 0 0 0
      71     103     107 0 0 0
      72     107     108 0 0 1
      94      92     128 0 1 0
     100      94     130 0 0 0
      94     128     130 0 0 0
     103     100     136 0 0 0
     100     130     136 0 0 0
     107     103     139 0 0 0
     103     136     139 0 0 0
     108     107     143 0 0 0
     107     139     143 0 0 0
     108     143     144 0 0 1
     130     128     164 0 1 0
     136     130     166 0 0 0
     130     164     166 0 0 0
     139     136     172 0 0 0
     136     166     172 0 0 0
     143     139     175 0 0 0
     139     172     175 0 0 0
     144     143     179 0 0 0
     143     175     179 0 0 0
     144     179     180 0 0 1
     166     164     200 0 1 0
     172     166     202 0 0 0
     166     200     202 0 1 0
     175     172     208 0 0 0
     172     202     208 0 1 0
     179     175     211 0 0 0
     175     208     211 0 1 0
     180     179     215 0 0 0
     179     211     215 0 1 0
     180     215     216 0 1 1
      21      23      57 1 0 1
      23      27      59 1 0 0
      57      23      59 0 0 0
      59      27      63 0 0 0
      27      32      63 1 0 0
      32      34      68 1 0 0
      63      32      68 0 0 0
      68      34      70 0 0 0
      34      36      70 1 0 0
      70      36      72 0 1 0
      57      59      93 0 0 1
      59      63      95 0 0 0
      93      59      95 0 0 0
      95      63      99 0 0 0
      63      68      99 0 0 0
      68      70     104 0 0 0
      99      68     104 0 0 0
     104      70     106 0 0 0
      70      72     106 0 0 0
     106      72     108 0 1 0
      93      95     129 0 0 1
      95      99     131 0 0 0
     129      95     131 0 0 0
     131      99     135 0 0 0
      99     104     135 0 0 0
     104     106     140 0 0 0
     135     104     140 0 0 0
     140     106     142 0 0 0
     106     108     142 0 0 0
     142     108     144 0 1 0
     129     131     165 0 0 1
     131     135     167 0 0 0
     165     131     167 0 0 0
     167     135     171 0 0 0
     135     140     171 0 0 0
     140     142     176 0 0 0
     171     140     176 0 0 0
     176     142     178 0 0 0
     142     144     178 0 0 0
     178     144     180 0 1 0
     165     167     201 0 0 1
     167     171     203 0 0 0
     201     167     203 0 0 1
     203     171     207 0 0 1
     171     176     207 0 0 0
     176     178     212 0 0 0
     207     176     212 0 0 1
     212     178     214 0 0 1
     178     180     214 0 0 0
     214     180     216 0 1 1
      37      40      39 0 1 1
      37      38      40 1 1 0
     181     183     184 1 0 0
     181     184     182 0 0 1
     182     184     186 0 0 1
     183     185     184 1 0 0
     184     188     186 0 0 0
     185     187     184 0 0 0
     184     187     188 0 0 0
     185     190     187 1 0 0
     186     188     189 0 0 1
     190     193     187 0 0 0
     187     193     191 0 0 0
     187     191     188 0 0 0
     188     191     192 0 0 0
     188     192     189 0 0 0
     189     192     195 0 0 1
     190     194     193 1 0 0
     191     196     197 0 0 0
     191     197     192 0 0 0
     193     196     191 0 0 0
     192     199     195 0 0 0
     192     197     199 0 0 0
     194     198     193 0 0 0
     193     198     196 0 0 0
     194     201     198 1 0 0
     195     199     200 0 0 1
     196     206     205 0 0 0
     196     205     197 0 0 0
     198     206     196 0 0 0
     197     205     204 0 0 0
     197     204     199 0 0 0
     198     203     206 0 0 0
     201     203     198 1 0 0
     199     204     202 0 0 0
     199     202     200 0 1 0
     204     208     202 0 1 0
     203     207     206 1 0 0
     205     210     204 0 0 0
     204     210     208 0 0 0
     206     209     205 0 0 0
     205     209     210 0 0 0
     206     207     209 0 0 0
     207     212     209 1 0 0
     210     211     208 0 1 0
     209     213     210 0 0 0
     209     212     213 0 0 0
     210     213     211 0 0 0
     213     215     211 0 1 0
     212     214     213 1 0 0
     213     216     215 0 1 0
     213     214     216 0 1 0
       1       2
       1       3
       1      37
       2       4
       2      38
       3       4
       3      39
       4      40
      37      38
      37      39
      38      40
      39      40
       2       4
       2      20
       2      38
       3       4
       3      21
       3      39
       4      40
      20      36
      20     200
      21      36
      21     201
      36     216
      37      38
      37      39
      37     181
      38      40
      39      40
     181     200
     181     201
     200     216
     201     216
       1       2
       3       4
       5       6
       7       8
       9      10
      11      12
       1      48
      49      50
      51      98
      99     100
     101     148
     149     198
     199     248
     249     250
     251     300
     148     149     148     145     145     146     146     147     149
     150     150     147
       7      10       9     127      12     129      25      27     295
     296     157     160     159     277     162     279     175     177
     445     446     307     310     309     427     312     429     325
     327     595     596     457     460     459     577     462     579
     475     477     745     746     607     610     609     727     612
     729     625     627       7       8       7       4     130     118
       1     124      10     136     121      22     115      28     127
     142     133     112     106      94      19     139      13      16
      25     100      76      55     103      91      97      37     109
      31      79      52      61      58      43      40      34      49
      82      73      46      70      85      67      88      64       4
       6       4     124       5     142     125     143      16      17
     298     299     154     274     155     292     275     293     166
     167     448     449     304     424     305     442     425     443
     316     317     598     599     454     574     455     592     575
     593     466     467     748     749     604     724     605     742
     725     743     616     617      32      80      33      83      81
      86      84      89      87      90     182     230     183     233
     231     236     234     239     237     240     332     380     333
     383     381     386     384     389     387     390     482     530
     483     533     531     536     534     539     537     540     632
     680     633     683     681     686     684     689     687     690
      37      52      39      54      49      67      51      69      65
      66     187     202     189     204     199     217     201     219
     215     216     337     352     339     354     349     367     351
     369     365     366     487     502     489     504     499     517
     501     519     515     516     637     652     639     654     649
     667     651     669     665     666     298     295     750     747
     609     606     732     720     603     726     612     738     723
     624     717     630     729     744     735     714     708     696
     621     741     615     618     627     702     678     657     705
     693     699     639     711     633     681     654     663     660
     645     642     636     651     684     675     648     672     687
     669     690     666
